Training cases. cutoff = 2.374
true positives = 79
false positives = 58
false_negatives = 7
no of cases = 86
total true calls = 206
total false calls = 20456
292, 2, 2
293, 2, 24
294, 2, 0
295, 2, 0
296, 0, 6
297, 4, 4
298, 6, 0
299, 2, 0
300, 2, 2
301, 6, 14
302, 2, 22
303, 2, 0
304, 0, 26
305, 4, 6
306, 2, 0
307, 2, 0
308, 6, 0
309, 2, 0
310, 2, 2
311, 2, 2
312, 2, 0
313, 2, 0
314, 4, 0
315, 6, 10
316, 2, 2
317, 0, 2
318, 2, 8
319, 2, 8
320, 4, 4
321, 2, 40
322, 2, 0
323, 2, 56
324, 4, 2
325, 2, 92
326, 2, 4
327, 4, 4256
328, 2, 4256
329, 2, 4
330, 2, 3224
331, 2, 8
332, 4, 108
333, 2, 18
334, 4, 10
335, 2, 0
336, 2, 2
337, 4, 0
338, 2, 0
339, 2, 2
340, 2, 16
341, 2, 4
342, 2, 4
343, 2, 14
344, 2, 0
345, 2, 4
346, 2, 0
347, 2, 2
348, 2, 10
349, 2, 58
350, 2, 2
351, 0, 2
352, 2, 10
353, 4, 48
354, 0, 0
355, 4, 0
356, 2, 0
357, 6, 0
358, 2, 8
359, 2, 8
360, 2, 0
361, 2, 120
362, 6, 8
363, 2, 2
364, 2, 208
365, 0, 4212
366, 2, 106
367, 2, 4
368, 2, 4
369, 2, 4
370, 2, 0
371, 0, 3366
372, 2, 4
373, 2, 0
374, 4, 2
375, 2, 0
376, 2, 0
377, 2, 0